
Labels: ['arthur', 'douglas', 'eliezer', 'eslo', 'gustavo', 'jade', 'jessi', 'lais', 'linna', 'lucas', 'naty', 'paulo', 'scooby', 'vini']

Train accuracy: 96.46464646464646

Train confusion matrix: 
[[ 3  0  0  0  0  0  0  0  0  0  0  0  0  0]
 [ 0 16  0  0  0  0  0  0  0  0  0  0  0  0]
 [ 0  0  7  0  0  0  0  0  0  0  0  0  0  0]
 [ 0  0  0 15  0  0  0  0  0  0  0  0  0  0]
 [ 0  0  0  0 11  0  0  0  0  0  0  0  0  0]
 [ 0  0  0  0  0  9  0  0  0  0  0  0  0  0]
 [ 0  0  0  0  0  0 17  0  1  0  0  0  0  0]
 [ 0  0  0  0  0  0  0 10  0  0  0  0  0  0]
 [ 0  0  0  0  0  0  0  0 32  0  0  0  0  0]
 [ 0  0  0  0  0  0  0  0  1  5  0  0  0  0]
 [ 0  0  0  0  0  0  0  0  0  0 23  0  1  0]
 [ 0  0  0  0  0  0  0  0  0  0  0  3  0  0]
 [ 0  3  0  0  0  0  0  0  0  0  0  0 33  0]
 [ 0  0  0  0  0  0  0  0  1  0  0  0  0  7]]

Validation accuracy: 96.46464646464646

Validation confusion matrix: 
[[ 3  0  0  0  0  0  0  0  0  0  0  0  0  0]
 [ 0 16  0  0  0  0  0  0  0  0  0  0  0  0]
 [ 0  0  7  0  0  0  0  0  0  0  0  0  0  0]
 [ 0  0  0 15  0  0  0  0  0  0  0  0  0  0]
 [ 0  0  0  0 11  0  0  0  0  0  0  0  0  0]
 [ 0  0  0  0  0  9  0  0  0  0  0  0  0  0]
 [ 0  0  0  0  0  0 17  0  1  0  0  0  0  0]
 [ 0  0  0  0  0  0  0 10  0  0  0  0  0  0]
 [ 0  0  0  0  0  0  0  0 32  0  0  0  0  0]
 [ 0  0  0  0  0  0  0  0  1  5  0  0  0  0]
 [ 0  0  0  0  0  0  0  0  0  0 23  0  1  0]
 [ 0  0  0  0  0  0  0  0  0  0  0  3  0  0]
 [ 0  3  0  0  0  0  0  0  0  0  0  0 33  0]
 [ 0  0  0  0  0  0  0  0  1  0  0  0  0  7]]